# 场景: 文山项目对遇场景：两船相距10海里，以中等速度相向航行
# 场景ID: head_on_d4296712
# 场景类型: head_on
# 持续时间: 600.0秒

simulated_ships:
- heading: 90.0
  latitude: 23.5
  longitude: 104.41666666666667
  mmsi: 123456789
  rot: 0.0
  sog: 15.0
- heading: 270.0
  latitude: 23.5
  longitude: 104.58333333333333
  mmsi: 987654321
  rot: 0.0
  sog: 15.0
